Webots Project File version R2025a
perspectives: 000000ff00000000fd00000002000000010000011c000002aefc0200000001fb0000001400540065007800740045006400690074006f00720100000000000002ae0000004500ffffff00000003000006c7000000d9fc0100000001fb0000001a0043006f006e0073006f006c00650041006c006c0041006c006c0100000000000006c70000008700ffffff000005a9000002ae00000001000000020000000100000008fc00000000
simulationViewPerspectives: 000000ff000000010000000200000114000007ce0100000002010000000100
sceneTreePerspectives: 000000ff00000001000000030000001e000003e3000000fa0100000002010000000200
maximizedDockId: -1
centralWidgetVisible: 1
orthographicViewHeight: 1
textFiles: -1
consoles: Console:All:All
renderingDevicePerspectives: e-puck:camera;0;0.598077;0.671418;0
